############################################################
Species: N
############################################################
# number of spectral data
46
#No.  E(cm-1)    g   2nd qn
1 	 0.0 	       4 	   1 	 
2 	 19227.9 	   10 	 1 	 
3 	 28839.2 	   6 	   1 	 
4 	 83335.6 	   12 	 0 	 
5 	 86192.8 	   6 	   0 	 
6 	 88132.4 	   12 	 1 	 
7 	 93581.6 	   2 	   1 	 
8 	 94837.8 	   20 	 1 	 
9 	 95509.9 	   12 	 1 	 
10 	 96750.8 	   4 	   1 	 
11 	 96833.5 	   10 	 1 	 
12 	 97794.0 	   6 	   1 	 
13 	 99663.6 	   10 	 0 	 
14 	 103693.9 	 12 	 0 	 
15 	 104196.0 	 6 	   0 	 
16 	 104628.3 	 6 	   2 	 
17 	 104719.6 	 28 	 2 	 
18 	 104849.0 	 26 	 2 	 
19 	 105007.3 	 20 	 2 	 
20 	 105134.2 	 10 	 2 	 
21 	 106477.8 	 2 	   1 	 
22 	 106823.3 	 20 	 1 	 
23 	 107014.0 	 12 	 1 	 
24 	 107225.0 	 10 	 1 	 
25 	 107445.6 	 4 	   1 	 
26 	 107615.0 	 6 	   1 	 
27 	 109884.2 	 12 	 0 	 
28 	 110081.1 	 6 	   0 	 
29 	 110310.0 	 90 	 2 	 
30 	 110453.5 	 126 	 2 	 
31 	 110639.1 	 24 	 1 	 
32 	 111060.9 	 2 	   1 	 
33 	 111241.0 	 38 	 1 	 
34 	 111501.4 	 4 	   1 	 
35 	 111884.6 	 10 	 1 	 
36 	 112311.2 	 6 	   1 	 
37 	 112666.1 	 18 	 0 	 
38 	 112843.9 	 96 	 2
39 	 113189.3 	 126 	 0 	 
40 	 114167.9 	 32 	 0 	 
41 	 114189.6 	 18 	 2 	 
42 	 114241.4 	 90 	 0 	 
43 	 114577.7 	 126 	 0 	 
44 	 115051.7 	 20 	 0 	 
45 	 115393.4 	 108 	 0 	 
46 	 115624.1 	 20 	 2 	
# Einstein A (sec^-1)
# number of radiative transitions
252
# ieu, iel, einstein A
2 	 1 	 1.26726e-05 
3 	 1 	 5.20000e-03 
4 	 1 	 4.04500e+08 
5 	 1 	 4.20000e+04 
6 	 1 	 1.46833e+08 
13 	 1 	 5.78400e+02 
14 	 1 	 5.77667e+07 
15 	 1 	 3.06333e+05 
16 	 1 	 3.73667e+05 
17 	 1 	 7.42143e+04 
18 	 1 	 8.43462e+07 
19 	 1 	 7.02200e+06 
20 	 1 	 5.65800e+05 
27 	 1 	 2.92500e+07 
29 	 1 	 1.33133e+07 
37 	 1 	 1.00667e+07 
38 	 1 	 6.83265e+06 
40 	 1 	 3.29938e+06 
42 	 1 	 4.32979e+06 
43 	 1 	 8.79365e+04 
44 	 1 	 2.77800e+06 
45 	 1 	 4.15370e+05 
3 	 2 	 8.81633e-02 
5 	 2 	 3.44400e+08 
13 	 2 	 3.44680e+08 
14 	 2 	 1.23515e+05 
15 	 2 	 9.77400e+07 
16 	 2 	 1.05487e+07 
17 	 2 	 1.54066e+06 
18 	 2 	 5.93080e+07 
19 	 2 	 7.79910e+05 
20 	 2 	 3.21238e+07 
28 	 2 	 3.99667e+07 
29 	 2 	 9.86644e+06 
38 	 2 	 5.03306e+06 
5 	 3 	 1.25333e+08 
13 	 3 	 5.39200e+07 
14 	 3 	 3.06292e+04 
15 	 3 	 9.75467e+06 
16 	 3 	 7.26333e+07 
17 	 3 	 1.45979e+05 
18 	 3 	 3.64485e+05 
19 	 3 	 1.09122e+05 
20 	 3 	 7.72800e+07 
29 	 3 	 2.70267e+06 
30 	 3 	 3.49810e+06 
38 	 3 	 1.33878e+06 
39 	 3 	 1.90862e+06 
6 	 4 	 4.96775e-03 
7 	 4 	 1.22100e+04 
8 	 4 	 2.53300e+07 
9 	 4 	 3.08283e+07 
10 	 4 	 3.71400e+07 
11 	 4 	 2.08380e+04 
12 	 4 	 1.56267e+03 
13 	 4 	 1.99200e-03 
25 	 4 	 1.89900e+06 
7 	 5 	 8.82000e+06 
9 	 5 	 3.37037e+03 
10 	 5 	 2.97060e+04 
11 	 5 	 2.50720e+07 
12 	 5 	 3.15733e+07 
13 	 5 	 1.03200e-03 
21 	 5 	 2.56800e+06 
26 	 5 	 9.73000e+05 
31 	 5 	 1.66533e+06 
32 	 5 	 1.71500e+06 
35 	 5 	 2.50160e+06 
36 	 5 	 5.57333e+06 
8 	 6 	 1.00022e+06 
9 	 6 	 6.97667e+05 
10 	 6 	 4.39300e+06 
11 	 6 	 3.36060e+03 
12 	 6 	 2.45733e+03 
22 	 6 	 2.02630e+05 
23 	 6 	 1.22500e+05 
14 	 7 	 5.85000e+03 
15 	 7 	 1.28667e+05 
16 	 7 	 3.20667e+07 
17 	 7 	 5.25714e+04 
18 	 7 	 2.08462e+04 
19 	 7 	 1.74400e+04 
20 	 7 	 6.52000e+04 
29 	 7 	 2.40000e+05 
38 	 7 	 1.14490e+05 
14 	 8 	 1.49885e+07 
15 	 8 	 1.90067e+04 
16 	 8 	 3.36027e+05 
17 	 8 	 3.83575e+07 
18 	 8 	 1.85572e+06 
19 	 8 	 1.01380e+07 
20 	 8 	 9.07695e+04 
27 	 8 	 4.36418e+06 
29 	 8 	 1.55828e+06 
30 	 8 	 2.22746e+05 
38 	 8 	 4.04545e+05 
39 	 8 	 7.82015e+04 
14 	 9 	 9.99500e+06 
15 	 9 	 3.09333e+04 
16 	 9 	 9.95267e+04 
17 	 9 	 7.89409e+04 
18 	 9 	 5.95503e+06 
19 	 9 	 2.56290e+07 
20 	 9 	 9.45110e+04 
27 	 9 	 2.53300e+06 
29 	 9 	 2.33711e+05 
30 	 9 	 5.10413e+05 
39 	 9 	 1.63972e+05 
14 	 10 	 1.12833e+06 
15 	 10 	 4.04667e+03 
16 	 10 	 4.92333e+04 
17 	 10 	 5.81029e+03 
18 	 10 	 5.99692e+06 
19 	 10 	 6.40600e+05 
20 	 10 	 2.99200e+04 
27 	 10 	 6.94333e+05 
29 	 10 	 1.74222e+05 
37 	 10 	 2.48000e+05 
38 	 10 	 3.40204e+04 
40 	 10 	 8.21875e+04 
42 	 10 	 1.13255e+04 
43 	 10 	 2.15873e+03 
44 	 10 	 6.91000e+04 
45 	 10 	 1.03648e+04 
13 	 11 	 7.95800e+03 
14 	 11 	 5.27333e+03 
15 	 11 	 7.32667e+06 
16 	 11 	 3.46200e+06 
18 	 11 	 1.10708e+07 
19 	 11 	 1.95180e+05 
20 	 11 	 6.20334e+06 
28 	 11 	 2.29667e+06 
29 	 11 	 3.12916e+05 
30 	 11 	 4.73984e+04 
38 	 11 	 4.01122e+04 
39 	 11 	 1.03178e+04 
13 	 12 	 2.67480e+03 
14 	 12 	 2.62383e+03 
15 	 12 	 7.53333e+06 
16 	 12 	 2.34133e+06 
17 	 12 	 6.80000e+03 
18 	 12 	 4.06692e+04 
19 	 12 	 1.47202e+04 
20 	 12 	 1.34240e+07 
28 	 12 	 1.40033e+06 
30 	 12 	 6.51905e+04 
38 	 12 	 1.25163e+04 
39 	 12 	 8.37846e+03 
24 	 13 	 4.51200e+05 
26 	 13 	 1.81133e+05 
31 	 13 	 2.71767e+07 
33 	 13 	 9.56421e+05 
35 	 13 	 1.40394e+07 
36 	 13 	 3.14200e+07 
22 	 14 	 3.06060e+06 
23 	 14 	 3.94117e+06 
25 	 14 	 4.13900e+06 
33 	 14 	 9.98316e+04 
34 	 14 	 4.83800e+05 
21 	 15 	 7.53000e+05 
24 	 15 	 2.52320e+06 
26 	 15 	 4.36600e+06 
31 	 15 	 3.95583e+04 
32 	 15 	 1.91000e+05 
33 	 15 	 1.41842e+04 
35 	 15 	 1.02000e+06 
36 	 15 	 3.45600e+05 
21 	 16 	 1.01100e+06 
24 	 16 	 2.45600e+05 
26 	 16 	 2.36033e+04 
31 	 16 	 1.71667e+04 
33 	 16 	 7.85368e+03 
35 	 16 	 9.70400e+04 
36 	 16 	 6.06667e+04 
22 	 17 	 7.25895e+05 
33 	 17 	 6.08675e+04 
22 	 18 	 4.43090e+04 
23 	 18 	 1.19033e+05 
24 	 18 	 9.03740e+05 
25 	 18 	 1.85200e+06 
33 	 18 	 1.89958e+04 
34 	 18 	 3.60000e+05 
35 	 18 	 4.14320e+05 
22 	 19 	 9.28200e+04 
23 	 19 	 5.94883e+05 
33 	 19 	 3.01147e+04 
24 	 20 	 1.30160e+05 
26 	 20 	 9.42600e+05 
31 	 20 	 2.87550e+04 
33 	 20 	 1.71158e+04 
29 	 21 	 2.71111e+05 
38 	 21 	 7.85714e+04 
27 	 22 	 2.70578e+06 
29 	 22 	 1.85718e+06 
30 	 22 	 2.13302e+05 
38 	 22 	 4.17209e+05 
39 	 22 	 6.41662e+04 
27 	 23 	 2.18783e+06 
29 	 23 	 3.12578e+05 
30 	 23 	 6.02254e+05 
38 	 23 	 4.26510e+04 
39 	 23 	 1.61502e+05 
28 	 24 	 1.89867e+06 
29 	 24 	 7.94084e+05 
30 	 24 	 9.87048e+04 
38 	 24 	 1.52514e+05 
39 	 24 	 2.14292e+04 
27 	 25 	 2.87000e+05 
29 	 25 	 3.39111e+05 
37 	 25 	 8.90000e+04 
38 	 25 	 6.05510e+04 
40 	 25 	 2.87812e+04 
42 	 25 	 2.25532e+04 
43 	 25 	 7.41270e+02 
44 	 25 	 2.42800e+04 
45 	 25 	 3.58333e+03 
28 	 26 	 2.33767e+06 
29 	 26 	 2.60222e+04 
30 	 26 	 2.49333e+05 
39 	 26 	 3.94369e+04 
33 	 27 	 6.82747e+05 
34 	 27 	 8.64000e+05 
31 	 28 	 5.67333e+03 
32 	 28 	 9.32000e+04 
33 	 28 	 7.34947e+04 
35 	 28 	 6.47160e+05 
36 	 28 	 3.54600e+05 
31 	 29 	 1.42933e+03 
32 	 29 	 4.21000e+05 
33 	 29 	 1.93060e+05 
34 	 29 	 7.78000e+05 
35 	 29 	 5.65720e+05 
36 	 29 	 3.78200e+03 
33 	 30 	 1.02121e+05 
35 	 30 	 6.45160e+04 
36 	 30 	 1.19933e+05 
38 	 31 	 1.97396e+05 
39 	 31 	 2.30600e+04 
38 	 32 	 6.59184e+04 
38 	 33 	 4.85450e+05 
39 	 33 	 3.24965e+05 
37 	 34 	 5.94778e+04 
38 	 34 	 8.25714e+04 
40 	 34 	 1.51750e+04 
42 	 34 	 2.36596e+04 
43 	 34 	 3.61905e+02 
44 	 34 	 1.23600e+04 
45 	 34 	 1.78333e+03 
38 	 35 	 7.03449e+04 
39 	 35 	 1.05323e+04 
38 	 36 	 7.27347e+01 
39 	 36 	 5.43846e+03 
############################################################
Species: N+
############################################################
# number of spectral data
  5
# No.      E(cm-1)    g   2nd qn
  1         88.89     9    1
  2      15316.17     5    1
  3      32688.64     1    1
  4      46784.56     5    1
  5      92243.94    15    1
# Einstein A (sec^-1)
# number of radiative transitions
  0