############################################################
Species: N2
############################################################
# ---------------------------------------
Band: First_Positive
# ---------------------------------------
Upper Electronic State: 3
Lower Electronic State: 2
#  vl    vu      q
  0     0   3.9840e-01 
   0     1   3.3110e-01 
   0     2   1.6740e-01 
   0     3   6.7420e-02 
   0     4   2.4010e-02 
   0     5   7.9840e-03 
   0     6   2.5610e-03 
   1     0   3.9960e-01 
   1     1   2.5340e-03 
   1     2   1.5830e-01 
   1     3   1.9690e-01 
   1     4   1.3070e-01 
   1     5   6.5620e-02 
   1     6   2.8350e-02 
   1     7   1.1240e-02 
   2     0   1.6280e-01 
   2     1   2.7270e-01 
   2     2   6.9750e-02 
   2     3   2.1670e-02 
   2     4   1.2460e-01 
   2     5   1.4310e-01 
   2     6   1.0100e-01 
   2     7   5.6120e-02 
   2     8   2.7190e-02 
   2     9   1.2160e-02 
   3     0   3.4720e-02 
   3     1   2.7770e-01 
   3     2   9.4200e-02 
   3     3   1.5180e-01 
   3     4   5.2700e-03 
   3     5   4.2210e-02 
   3     6   1.0780e-01 
   3     7   1.1140e-01 
   3     8   8.0000e-02 
   3     9   4.7250e-02 
   3    10   2.4850e-02 
   4     0   4.1590e-03 
   4     1   9.7990e-02 
   4     2   2.9680e-01 
   4     3   7.2720e-03 
   4     4   1.5070e-01 
   4     5   5.1360e-02 
   4     6   2.1630e-03 
   4     7   5.4680e-02 
   4     8   9.3620e-02 
   4     9   8.9500e-02 
   4    10   6.4920e-02 
   4    11   4.0210e-02 
   4    12   2.2600e-02 
   5     0   2.7990e-04 
   5     1   1.6540e-02 
   5     2   1.6970e-01 
   5     3   2.4230e-01 
   5     4   1.0550e-02 
   5     5   9.5090e-02 
   5     6   9.4820e-02 
   5     7   8.8850e-03 
   5     8   1.3760e-02 
   5     9   5.8940e-02 
   5    10   8.0690e-02 
   5    11   7.3480e-02 
   5    12   5.3990e-02 
   5    13   3.4880e-02 
   6     0   1.0090e-05 
   6     1   1.4410e-03 
   6     2   3.9230e-02 
   6     3   2.3020e-01 
   6     4   1.5590e-01 
   6     5   5.7990e-02 
   6     6   3.5310e-02 
   6     7   1.0440e-01 
   6     8   3.9760e-02 
   6    10   2.4310e-02 
   6    11   5.7740e-02 
   6    12   6.9330e-02 
   6    13   6.1530e-02 
   6    14   4.6010e-02 
   6    15   3.0920e-02 
   7     1   6.3790e-05 
   7     2   4.3230e-03 
   7     3   7.1910e-02 
   7     4   2.6580e-01 
   7     5   7.4280e-02 
   7     6   1.0550e-01 
   7     7   3.0370e-03 
   7     8   8.1340e-02 
   7     9   6.8090e-02 
   7    10   1.1180e-02 
   7    11   3.4340e-03 
   7    12   3.0350e-02 
   7    13   5.3780e-02 
   7    14   5.9760e-02 
   7    15   5.2520e-02 
   7    16   4.0120e-02 
   8     2   2.3080e-04 
   8     3   9.8710e-03 
   8     4   1.1210e-01 
   8     5   2.7140e-01 
   8     6   1.9920e-02 
   8     7   1.2790e-01 
   8     8   4.8370e-03 
   8     9   4.4160e-02 
   8    10   7.7360e-02 
   8    11   3.4110e-02 
   8    12   1.3260e-03 
   8    13   8.9270e-03 
   8    14   3.2490e-02 
   8    15   4.8810e-02 
   8    16   5.1900e-02 
   8    17   4.5660e-02 
   8    18   3.5690e-02 
   9     3   6.2720e-04 
   9     4   1.8990e-02 
   9     5   1.5570e-01 
   9     6   2.4870e-01 
   9     7   1.6630e-04 
   9     8   1.1960e-01 
   9     9   2.9650e-02 
   9    10   1.3010e-02 
   9    11   6.5320e-02 
   9    12   5.3590e-02 
   9    13   1.3940e-02 
   9    14   1.1830e-04 
   9    15   1.3050e-02 
   9    16   3.2140e-02 
   9    17   4.3770e-02 
   9    18   4.5460e-02 
   9    19   4.0300e-02 
   9    20   3.2240e-02 
  10     3   1.7090e-05 
  10     4   1.4220e-03 
  10     5   3.2390e-02 
  10     6   1.9800e-01 
  10     7   2.0490e-01 
  10     8   1.0570e-02 
  10     9   8.8940e-02 
  10    10   5.9820e-02 
  10    11   1.4170e-04 
  10    12   4.0590e-02 
  10    13   5.9640e-02 
  10    14   3.1680e-02 
  10    15   4.4910e-03 
  10    16   1.6980e-03 
  10    17   1.5240e-02 
  10    18   3.0370e-02 
  10    19   3.8980e-02 
  10    20   4.0050e-02 
  10    21   3.5930e-02 
  11     4   4.4210e-05 
  11     5   2.8410e-03 
  11     6   5.0480e-02 
  11     7   2.3410e-01 
  11     8   1.5000e-01 
  11     9   3.9720e-02 
  11    10   5.0560e-02 
  11    11   8.0110e-02 
  11    12   6.9650e-03 
  11    13   1.5920e-02 
  11    14   5.0610e-02 
  11    15   4.4560e-02 
  11    16   1.7120e-02 
  11    17   9.4450e-04 
  11    18   3.5080e-03 
  11    19   1.5810e-02 
  11    20   2.7760e-02 
  11    21   3.4390e-02 
  12     5   1.0000e-04 
  12     6   5.1610e-03 
  12     7   7.3300e-02 
  12     8   2.5990e-01 
  12     9   9.4450e-02 
  12    10   7.4020e-02 
  12    11   1.8450e-02 
  12    12   8.2830e-02 
  12    13   2.6240e-02 
  12    14   1.6720e-03 
  12    15   3.2080e-02 
  12    16   4.6550e-02 
  12    17   3.0370e-02 
  12    18   8.8100e-03 
  12    19   4.5040e-05 
  12    20   4.6410e-03 
  12    21   1.5080e-02 
  13     6   2.0470e-04 
  13     7   8.7040e-03 
  13     8   1.0040e-01 
  13     9   2.7250e-01 
  13    10   4.7410e-02 
  13    11   1.0160e-01 
  13    12   1.6690e-03 
  13    13   6.8710e-02 
  13    14   4.7010e-02 
  13    15   1.8990e-03 
  13    16   1.3090e-02 
  13    17   3.7480e-02 
  13    18   3.7490e-02 
  13    19   2.0060e-02 
  13    20   4.5370e-03 
  14     7   3.8690e-04 
  14     8   1.3820e-02 
  14     9   1.3090e-01 
  14    10   2.7050e-01 
  14    11   1.5250e-02 
  14    12   1.1480e-01 
  14    13   2.6300e-03 
  14    14   4.4760e-02 
  14    15   5.9630e-02 
  14    16   1.3850e-02 
  14    17   1.5960e-03 
  14    18   2.2240e-02 
  14    19   3.5380e-02 
  14    20   2.8640e-02 
  14    21   1.3500e-02 
  15     8   6.8560e-04 
  15     9   2.0870e-02 
  15    10   1.6350e-01 
  15    11   2.5420e-01 
  15    12   8.6380e-04 
  15    13   1.1110e-01 
  15    14   1.7700e-02 
  15    15   2.0520e-02 
  15    16   5.9320e-02 
  15    17   3.0240e-02 
  15    18   1.2220e-03 
  15    19   7.9160e-03 
  15    20   2.5470e-02 
  15    21   3.0390e-02 
  16     9   1.1510e-03 
  16    10   3.0180e-02 
  16    11   1.9650e-01 
  16    12   2.2550e-01 
  16    13   3.6040e-03 
  16    14   9.2900e-02 
  16    15   3.9420e-02 
  16    16   4.2340e-03 
  16    17   4.7140e-02 
  16    18   4.2960e-02 
  16    19   1.0320e-02 
  16    20   4.4730e-04 
  16    21   1.2680e-02 
  17    10   1.8440e-03 
  17    11   4.2050e-02 
  17    12   2.2800e-01 
  17    13   1.8790e-01 
  17    14   1.9810e-02 
  17    15   6.6100e-02 
  17    16   5.9390e-02 
  17    17   2.2120e-04 
  17    18   2.8680e-02 
  17    19   4.6430e-02 
  17    20   2.3310e-02 
  17    21   2.1030e-03 
  18    11   2.8340e-03 
  18    12   5.6640e-02 
  18    13   2.5610e-01 
  18    14   1.4560e-01 
  18    15   4.3830e-02 
  18    16   3.7960e-02 
  18    17   7.0920e-02 
  18    18   7.9330e-03 
  18    19   1.1340e-02 
  18    20   3.9610e-02 
  18    21   3.3480e-02 
  19    11   3.9000e-05 
  19    12   4.1930e-03 
  19    13   7.4030e-02 
  19    14   2.7910e-01 
  19    15   1.0330e-01 
  19    16   6.9310e-02 
  19    17   1.5170e-02 
  19    18   7.0810e-02 
  19    19   2.2820e-02 
  19    20   1.2770e-03 
  19    21   2.5890e-02 
  20    12   5.5900e-05 
  20    13   5.9870e-03 
  20    14   9.4130e-02 
  20    15   2.9560e-01 
  20    16   6.5120e-02 
  20    17   9.0490e-02 
  20    18   2.2670e-03 
  20    19   5.9810e-02 
  20    20   3.8350e-02 
  20    21   1.2420e-03 
  21    13   7.4800e-05 
  21    14   8.2650e-03 
  21    15   1.1670e-01 
  21    16   3.0480e-01 
  21    17   3.4430e-02 
  21    18   1.0330e-01 
  21    19   7.0340e-04 
  21    20   4.1920e-02 
  21    21   4.8480e-02 
END First_Positive
END N2
############################################################
Species: N2+
############################################################
# ---------------------------------------
Band: First_Negative
# ---------------------------------------
Upper Electronic State: 3
Lower Electronic State: 2
   0     0   6.6090e-01 
   0     1   2.5460e-01 
   0     2   6.6380e-02 
   0     3   1.4550e-02 
   0     4   2.9290e-03 
   0     5   5.6730e-04 
   0     6   1.0850e-04 
   0     7   2.0810e-05 
   0     8   4.0250e-06 
   1     0   2.9290e-01 
   1     1   2.3400e-01 
   1     2   2.8840e-01 
   1     3   1.3000e-01 
   1     4   4.0730e-02 
   1     5   1.0700e-02 
   1     6   2.5610e-03 
   1     7   5.8340e-04 
   1     8   1.2970e-04 
   1     9   2.8490e-05 
   1    10   6.1990e-06 
   2     0   4.3980e-02 
   2     1   4.0170e-01 
   2     2   5.5800e-02 
   2     3   2.3170e-01 
   2     4   1.6530e-01 
   2     5   6.9680e-02 
   2     6   2.2940e-02 
   2     7   6.5910e-03 
   2     8   1.7510e-03 
   2     9   4.4430e-04 
   2    10   1.0960e-04 
   2    11   2.6470e-05 
   2    12   6.2580e-06 
   3     0   2.2500e-03 
   3     1   1.0330e-01 
   3     2   4.1640e-01 
   3     3   3.4860e-03 
   3     4   1.5520e-01 
   3     5   1.7070e-01 
   3     6   9.3310e-02 
   3     7   3.7410e-02 
   3     8   1.2620e-02 
   3     9   3.8450e-03 
   3    10   1.0990e-03 
   3    11   3.0160e-04 
   3    12   8.0360e-05 
   3    13   2.0910e-05 
   3    14   5.3240e-06 
   4     1   6.4840e-03 
   4     2   1.6210e-01 
   4     3   3.9400e-01 
   4     4   3.4490e-03 
   4     5   9.0430e-02 
   4     6   1.5530e-01 
   4     7   1.0720e-01 
   4     8   5.1190e-02 
   4     9   1.9920e-02 
   4    10   6.8570e-03 
   4    11   2.1840e-03 
   4    12   6.6070e-04 
   4    13   1.9300e-04 
   4    14   5.5080e-05 
   4    15   1.5500e-05 
   5     0   2.7670e-06 
   5     1   3.1380e-06 
   5     2   1.0880e-02 
   5     3   2.1260e-01 
   5     4   3.6790e-01 
   5     5   1.6100e-02 
   5     6   4.6180e-02 
   5     7   1.3050e-01 
   5     8   1.1080e-01 
   5     9   6.1820e-02 
   5    10   2.7270e-02 
   5    11   1.0470e-02 
   5    12   3.6760e-03 
   5    13   1.2170e-03 
   5    14   3.8750e-04 
   5    15   1.2070e-04 
   5    16   3.7320e-05 
   5    17   1.1690e-05 
   6     0   1.3470e-07 
   6     1   2.2370e-05 
   6     2   3.0520e-05 
   6     3   1.2930e-02 
   6     4   2.5150e-01 
   6     5   3.5670e-01 
   6     6   2.3410e-02 
   6     7   2.0220e-02 
   6     8   1.0520e-01 
   6     9   1.0610e-01 
   6    10   6.7950e-02 
   6    11   3.3400e-02 
   6    12   1.4120e-02 
   6    13   5.4060e-03 
   6    14   1.9420e-03 
   6    15   6.6970e-04 
   6    16   2.2640e-04 
   6    17   7.6490e-05 
   6    18   2.6410e-05 
   7     2   8.6140e-05 
   7     3   4.5560e-04 
   7     4   1.0560e-02 
   7     5   2.7470e-01 
   7     6   3.7120e-01 
   7     7   1.9980e-02 
   7     8   6.8690e-03 
   7     9   8.4940e-02 
   7    10   9.5920e-02 
   7    11   6.9520e-02 
   7    12   3.7260e-02 
   7    13   1.7140e-02 
   7    14   7.0690e-03 
   7    15   2.7310e-03 
   7    16   1.0130e-03 
   7    17   3.6940e-04 
   7    18   1.3530e-04 
   7    19   5.0960e-05 
   7    20   2.0200e-05 
   8     1   1.4060e-07 
   8     3   1.9140e-04 
   8     4   2.1700e-03 
   8     5   4.0840e-03 
   8     6   2.7330e-01 
   8     7   4.1670e-01 
   8     8   8.5060e-03 
   8     9   1.0450e-03 
   8    10   7.2880e-02 
   8    11   8.2500e-02 
   8    12   6.7480e-02 
   8    13   3.8240e-02 
   8    14   1.8940e-02 
   8    15   8.2960e-03 
   8    16   3.4210e-03 
   8    17   1.3530e-03 
   8    18   5.2850e-04 
   8    19   2.0820e-04 
   8    20   8.4560e-05 
   8    21   3.6150e-05 
   9     2   9.2370e-07 
   9     3   7.5560e-06 
   9     4   2.0950e-04 
   9     5   6.0850e-03 
   9     7   2.3150e-01 
   9     8   4.8920e-01 
   9    11   7.1910e-02 
   9    12   6.6250e-02 
   9    13   6.3730e-02 
   9    14   3.6010e-02 
   9    15   1.9270e-02 
   9    16   8.7540e-03 
   9    17   3.8380e-03 
   9    18   1.6000e-03 
   9    19   6.6590e-04 
   9    20   2.7930e-04 
   9    21   1.2130e-04 
  10     2   2.0670e-08 
  10     3   2.0010e-06 
  10     4   6.9020e-05 
  10     6   1.0700e-02 
  10     7   1.5110e-02 
  10     8   1.3780e-01 
  10     9   5.5500e-01 
  10    10   1.5600e-02 
  10    11   6.8800e-03 
  10    12   8.8180e-02 
  10    13   4.5460e-02 
  10    14   6.1480e-02 
  10    15   3.0070e-02 
  10    16   1.8470e-02 
  10    17   8.1920e-03 
  10    18   3.8990e-03 
  10    19   1.6670e-03 
  10    20   7.4310e-04 
  10    21   3.2650e-04 
  11     3   5.9850e-07 
  11     5   2.1470e-04 
  11     6   5.6300e-04 
  11     7   9.2990e-03 
  11     8   6.4110e-02 
  11     9   2.6070e-02 
  11    10   5.2660e-01 
  11    11   7.2770e-02 
  11    12   2.8050e-02 
  11    13   1.3560e-01 
  11    14   1.9240e-02 
  11    15   6.7150e-02 
  11    16   1.9310e-02 
  11    17   1.8050e-02 
  11    18   6.2750e-03 
  11    19   3.7780e-03 
  11    20   1.4570e-03 
  11    21   7.6100e-04 
  12     4   2.4380e-06 
  12     5   2.5030e-05 
  12     6   1.5780e-04 
  12     7   4.2740e-03 
  12     8   4.0680e-04 
  12     9   1.1160e-01 
  12    10   2.1320e-02 
  12    11   3.1010e-01 
  12    12   1.3040e-01 
  12    13   6.0980e-02 
  12    14   2.2830e-01 
  12    16   9.5730e-02 
  12    18   2.3100e-02 
  12    20   4.6420e-03 
END First_Negative
END N2+