############################################################
Species: N2
############################################################
Band: First_Positive
Upper Electronic State: 3
Lower Electronic State: 2
#  vl    vu    A (1/s)
   0     0   4.2580e+04 
   0     1   2.3020e+04 
   0     2   6.8890e+03 
   0     3   1.4460e+03 
   0     4   2.2140e+02 
   0     5   2.2560e+01 
   0     6   1.0080e+00 
   1     0   6.5130e+04 
   1     1   2.4900e+02 
   1     2   1.2010e+04 
   1     3   9.2190e+03 
   1     4   3.3630e+03 
   1     5   7.8930e+02 
   1     6   1.2220e+02 
   1     7   1.0110e+01 
   2     0   3.6760e+04 
   2     1   4.6230e+04 
   2     2   8.8700e+03 
   2     3   1.7360e+03 
   2     4   6.5620e+03 
   2     5   4.3570e+03 
   2     6   1.5470e+03 
   2     7   3.4900e+02 
   2     8   4.6520e+01 
   2     9   2.1110e+00 
   3     0   9.9750e+03 
   3     1   6.4460e+04 
   3     2   1.6380e+04 
   3     3   2.0270e+04 
   3     4   5.4200e+02 
   3     5   2.4550e+03 
   3     6   3.8310e+03 
   3     7   2.1240e+03 
   3     8   6.8760e+02 
   3     9   1.3680e+02 
   3    10   1.3040e+01 
   4     0   1.3950e+03 
   4     1   2.8600e+04 
   4     2   7.0600e+04 
   4     3   1.1730e+03 
   4     4   2.1170e+04 
   4     5   5.3120e+03 
   4     6   1.2220e+02 
   4     7   2.2320e+03 
   4     8   2.1820e+03 
   4     9   1.0270e+03 
   4    10   2.9310e+02 
   4    11   4.7060e+01 
   4    12   2.2310e+00 
   5     0   9.9460e+01 
   5     1   5.5730e+03 
   5     2   5.0230e+04 
   5     3   5.8790e+04 
   5     4   2.3480e+03 
   5     5   1.3970e+04 
   5     6   1.0460e+04 
   5     7   7.2070e+02 
   5     8   6.2430e+02 
   5     9   1.6470e+03 
   5    10   1.2000e+03 
   5    11   4.8710e+02 
   5    12   1.1870e+02 
   5    13   1.3490e+01 
   6     0   3.3230e+00 
   6     1   5.0780e+02 
   6     2   1.3260e+04 
   6     3   6.8890e+04 
   6     4   3.8300e+04 
   6     5   1.2460e+04 
   6     6   5.3120e+03 
   6     7   1.2290e+04 
   6     8   3.4030e+03 
   6    10   7.9600e+02 
   6    11   1.0860e+03 
   6    12   6.4390e+02 
   6    13   2.2700e+02 
   6    14   4.5250e+01 
   6    15   2.8770e+00 
   7     1   2.0380e+01 
   7     2   1.5080e+03 
   7     3   2.4320e+04 
   7     4   8.0260e+04 
   7     5   1.8200e+04 
   7     6   2.3090e+04 
   7     7   4.0070e+02 
   7     8   1.0170e+04 
   7     9   6.3170e+03 
   7    10   7.4720e+02 
   7    11   1.2240e+02 
   7    12   7.0290e+02 
   7    13   6.7360e+02 
   7    14   3.4210e+02 
   7    15   1.0500e+02 
   7    16   1.6250e+01 
   8     2   7.1390e+01 
   8     3   3.4010e+03 
   8     4   3.7850e+04 
   8     5   8.2390e+04 
   8     6   4.6120e+03 
   8     7   2.8640e+04 
   8     8   1.0290e+03 
   8     9   5.7940e+03 
   8    10   7.7790e+03 
   8    11   2.4810e+03 
   8    12   7.4850e+01 
   8    13   2.4500e+02 
   8    14   5.3090e+02 
   8    15   4.0860e+02 
   8    16   1.8390e+02 
   8    17   4.9440e+01 
   8    18   5.6420e+00 
   9     3   1.8780e+02 
   9     4   6.4470e+03 
   9     5   5.2390e+04 
   9     6   7.5630e+04 
   9     7   1.5090e+00 
   9     8   2.7350e+04 
   9     9   5.9350e+03 
   9    10   1.7230e+03 
   9    11   7.0800e+03 
   9    12   4.3020e+03 
   9    13   8.0040e+02 
   9    14   2.0680e+00 
   9    15   2.6820e+02 
   9    16   3.7530e+02 
   9    17   2.5040e+02 
   9    18   1.0320e+02 
   9    19   2.4830e+01 
   9    20   2.0880e+00 
  10     3   2.8980e+00 
  10     4   4.1130e+02 
  10     5   1.0820e+04 
  10     6   6.6200e+04 
  10     7   6.2080e+04 
  10     8   3.5960e+03 
  10     9   2.0660e+04 
  10    10   1.2190e+04 
  10    11   5.1240e+00 
  10    12   4.6930e+03 
  10    13   5.2730e+03 
  10    14   2.0380e+03 
  10    15   2.0870e+02 
  10    16   3.9840e+01 
  10    17   2.3780e+02 
  10    18   2.6170e+02 
  10    19   1.6010e+02 
  10    20   6.2860e+01 
  10    21   1.4360e+01 
  11     4   6.9460e+00 
  11     5   7.9180e+02 
  11     6   1.6540e+04 
  11     7   7.7600e+04 
  11     8   4.4910e+04 
  11     9   1.2470e+04 
  11    10   1.1760e+04 
  11    11   1.6800e+04 
  11    12   1.3350e+03 
  11    13   1.9130e+03 
  11    14   4.8940e+03 
  11    15   3.2240e+03 
  11    16   8.9400e+02 
  11    17   3.8130e+01 
  11    18   6.8650e+01 
  11    19   1.9400e+02 
  11    20   1.8670e+02 
  11    21   1.1020e+02 
  12     5   1.4470e+01 
  12     6   1.3820e+03 
  12     7   2.3510e+04 
  12     8   8.5150e+04 
  12     9   2.7560e+04 
  12    10   2.2830e+04 
  12    11   4.1260e+03 
  12    12   1.7860e+04 
  12    13   4.9510e+03 
  12    14   1.7390e+02 
  12    15   3.3550e+03 
  12    16   3.7690e+03 
  12    17   1.8230e+03 
  12    18   3.8290e+02 
  12    19   2.4140e+00 
  12    20   7.6260e+01 
  12    21   1.5410e+02 
  13     6   2.7060e+01 
  13     7   2.2330e+03 
  13     8   3.1420e+04 
  13     9   8.7910e+04 
  13    10   1.3080e+04 
  13    11   3.1150e+04 
  13    12   2.5120e+02 
  13    13   1.5170e+04 
  13    14   9.1280e+03 
  13    15   3.7160e+02 
  13    16   1.4410e+03 
  13    17   3.3670e+03 
  13    18   2.5780e+03 
  13    19   1.0230e+03 
  13    20   1.7000e+02 
  14     7   4.6380e+01 
  14     8   3.3850e+03 
  14     9   3.9860e+04 
  14    10   8.5560e+04 
  14    11   3.6020e+03 
  14    12   3.5030e+04 
  14    13   1.0280e+03 
  14    14   1.0010e+04 
  14    15   1.2000e+04 
  14    16   2.4720e+03 
  14    17   1.5620e+02 
  14    18   2.1840e+03 
  14    19   2.7650e+03 
  14    20   1.7150e+03 
  14    21   6.0560e+02 
  15     8   7.3960e+01 
  15     9   4.8620e+03 
  15    10   4.8280e+04 
  15    11   7.8430e+04 
  15    12   3.4750e+01 
  15    13   3.3660e+04 
  15    14   5.6720e+03 
  15    15   4.5230e+03 
  15    16   1.2370e+04 
  15    17   5.5530e+03 
  15    18   2.3590e+02 
  15    19   8.1870e+02 
  15    20   2.2350e+03 
  15    21   2.1180e+03 
  16     9   1.1090e+02 
  16    10   6.6620e+03 
  16    11   5.6080e+04 
  16    12   6.7450e+04 
  16    13   2.0420e+03 
  16    14   2.7770e+04 
  16    15   1.2190e+04 
  16    16   8.0680e+02 
  16    17   1.0110e+04 
  16    18   8.2340e+03 
  16    19   1.7770e+03 
  16    20   3.2490e+01 
  16    21   1.2220e+03 
  17    10   1.5750e+02 
  17    11   8.7550e+03 
  17    12   6.2650e+04 
  17    13   5.4000e+04 
  17    14   8.2310e+03 
  17    15   1.9250e+04 
  17    16   1.8180e+04 
  17    17   1.5490e+02 
  17    18   6.2390e+03 
  17    19   9.2980e+03 
  17    20   4.1540e+03 
  17    21   3.6870e+02 
  18    11   2.1220e+02 
  18    12   1.1070e+04 
  18    13   6.7460e+04 
  18    14   3.9710e+04 
  18    15   1.6540e+04 
  18    16   1.0490e+04 
  18    17   2.1580e+04 
  18    18   2.6270e+03 
  18    19   2.3980e+03 
  18    20   8.2420e+03 
  18    21   6.2820e+03 
  19    11   2.0500e+00 
  19    12   2.7130e+02 
  19    13   1.3510e+04 
  19    14   7.0110e+04 
  19    15   2.6200e+04 
  19    16   2.4750e+04 
  19    17   3.6920e+03 
  19    18   2.1380e+04 
  19    19   7.1040e+03 
  19    20   1.9090e+02 
  19    21   5.5240e+03 
  20    12   4.5830e+00 
  20    13   3.2820e+02 
  20    14   1.5930e+04 
  20    15   7.0410e+04 
  20    16   1.4830e+04 
  20    17   3.0920e+04 
  20    18   2.9170e+02 
  20    19   1.7800e+04 
  20    20   1.1770e+04 
  20    21   5.1130e+02 
  21    13   9.5610e+00 
  21    14   3.7400e+02 
  21    15   1.8170e+04 
  21    16   6.8370e+04 
  21    17   6.5140e+03 
  21    18   3.3840e+04 
  21    19   6.4480e+02 
  21    20   1.2110e+04 
  21    21   1.4800e+04 
END First_Positive
Band: Second_Positive
Upper Electronic State: 6 
Lower Electronic State: 3 
   0     0   1.3370e+07 
   0     1   8.9050e+06 
   0     2   3.5320e+06 
   0     3   1.0860e+06 
   0     4   2.8630e+05 
   0     5   6.8100e+04 
   0     6   1.5020e+04 
   0     7   3.1370e+03 
   0     8   6.3200e+02 
   0     9   1.2520e+02 
   0    10   2.4770e+01 
   0    11   4.9400e+00 
   1     0   1.2660e+07 
   1     1   5.7920e+05 
   1     2   5.5900e+06 
   1     3   4.8850e+06 
   1     4   2.3750e+06 
   1     5   8.6760e+05 
   1     6   2.6720e+05 
   1     7   7.3340e+04 
   1     8   1.8540e+04 
   1     9   4.4190e+03 
   1    10   1.0120e+03 
   1    11   2.2620e+02 
   1    12   4.9620e+01 
   1    13   1.0660e+01 
   1    14   2.1970e+00 
   2     0   4.3230e+06 
   2     1   1.0650e+07 
   2     2   8.4610e+05 
   2     3   1.7440e+06 
   2     4   4.0450e+06 
   2     5   3.0810e+06 
   2     6   1.5190e+06 
   2     7   5.9070e+05 
   2     8   1.9740e+05 
   2     9   5.9230e+04 
   2    10   1.6430e+04 
   2    11   4.3040e+03 
   2    12   1.0820e+03 
   2    13   2.6260e+02 
   2    14   6.1410e+01 
   2    15   1.3650e+01 
   2    16   2.7860e+00 
   3     0   5.7660e+05 
   3     1   7.8580e+06 
   3     2   6.1490e+06 
   3     3   2.9920e+06 
   3     4   1.1950e+05 
   3     5   2.3810e+06 
   3     6   2.9720e+06 
   3     7   1.9590e+06 
   3     8   9.4330e+05 
   3     9   3.7640e+05 
   3    10   1.3210e+05 
   3    11   4.2040e+04 
   3    12   1.2430e+04 
   3    13   3.4830e+03 
   3    14   9.3260e+02 
   3    15   2.3780e+02 
   3    16   5.6860e+01 
   3    17   1.2390e+01 
   3    18   2.3130e+00 
   4     0   1.2970e+04 
   4     1   1.3840e+06 
   4     2   9.5900e+06 
   4     3   3.0630e+06 
   4     4   3.8640e+06 
   4     5   1.2820e+05 
   4     6   1.0230e+06 
   4     7   2.3260e+06 
   4     8   2.0430e+06 
   4     9   1.1960e+06 
   4    10   5.5780e+05 
   4    11   2.2460e+05 
   4    12   8.1060e+04 
   4    13   2.6750e+04 
   4    14   8.2270e+03 
   4    15   2.4000e+03 
   4    16   6.6590e+02 
   4    17   1.7230e+02 
   4    18   3.9840e+01 
   4    19   7.6990e+00 
END Second_Positive
END N2
############################################################
Species: N2+
############################################################
Band: First_Negative
Upper Electronic State: 3
Lower Electronic State: 1
#  vl    vu    A (1/s)
   0     0   1.2140e+07 
   0     1   3.9180e+06 
   0     2   8.1360e+05 
   0     3   1.3670e+05 
   0     4   2.0290e+04 
   0     5   2.7690e+03 
   0     6   3.5360e+02 
   0     7   4.2320e+01 
   0     8   4.6760e+00 
   1     0   6.3340e+06 
   1     1   4.2570e+06 
   1     2   4.5220e+06 
   1     3   1.6390e+06 
   1     4   3.9780e+05 
   1     5   7.7970e+04 
   1     6   1.3350e+04 
   1     7   2.0690e+03 
   1     8   2.9460e+02 
   1     9   3.8260e+01 
   1    10   4.4110e+00 
   2     0   1.0330e+06 
   2     1   8.6110e+06 
   2     2   9.6110e+05 
   2     3   3.6900e+06 
   2     4   2.1350e+06 
   2     5   7.0490e+05 
   2     6   1.7510e+05 
   2     7   3.6480e+04 
   2     8   6.7150e+03 
   2     9   1.1170e+03 
   2    10   1.6810e+02 
   2    11   2.2530e+01 
   2    12   2.5690e+00 
   3     0   4.7520e+04 
   3     1   2.3690e+06 
   3     2   8.7760e+06 
   3     3   3.7290e+04 
   3     4   2.5020e+06 
   3     5   2.2510e+06 
   3     6   9.7370e+05 
   3     7   2.9770e+05 
   3     8   7.3810e+04 
   3     9   1.5830e+04 
   3    10   3.0290e+03 
   3    11   5.2180e+02 
   3    12   8.0300e+01 
   3    13   1.0710e+01 
   3    14   1.1620e+00 
   4     1   1.2510e+05 
   4     2   3.5930e+06 
   4     3   8.0710e+06 
   4     4   1.1710e+05 
   4     5   1.4740e+06 
   4     6   2.0810e+06 
   4     7   1.1490e+06 
   4     8   4.2240e+05 
   4     9   1.2220e+05 
   4    10   3.0080e+04 
   4    11   6.5350e+03 
   4    12   1.2730e+03 
   4    13   2.2230e+02 
   4    14   3.4240e+01 
   4    15   4.4620e+00 
   5     0   1.8190e+02 
   5     1   7.3800e+02 
   5     2   1.8320e+05 
   5     3   4.5020e+06 
   5     4   7.2200e+06 
   5     5   4.4640e+05 
   5     6   7.6530e+05 
   5     7   1.7650e+06 
   5     8   1.2130e+06 
   5     9   5.2570e+05 
   5    10   1.7440e+05 
   5    11   4.8510e+04 
   5    12   1.1820e+04 
   5    13   2.5760e+03 
   5    14   5.0530e+02 
   5    15   8.8630e+01 
   5    16   1.3590e+01 
   5    17   1.7190e+00 
   6     0   3.0160e+00 
   6     1   1.1430e+03 
   6     2   8.0970e+03 
   6     3   1.7360e+05 
   6     4   5.0060e+06 
   6     5   6.5920e+06 
   6     6   6.7480e+05 
   6     7   3.5140e+05 
   6     8   1.4210e+06 
   6     9   1.1820e+06 
   6    10   5.9090e+05 
   6    11   2.2080e+05 
   6    12   6.8400e+04 
   6    13   1.8450e+04 
   6    14   4.4490e+03 
   6    15   9.7070e+02 
   6    16   1.9170e+02 
   6    17   3.3860e+01 
   6    18   5.1750e+00 
   7     2   3.3610e+03 
   7     3   3.7730e+04 
   7     4   8.7080e+04 
   7     5   5.0350e+06 
   7     6   6.3440e+06 
   7     7   6.8830e+05 
   7     8   1.4250e+05 
   7     9   1.1250e+06 
   7    10   1.0840e+06 
   7    11   6.1180e+05 
   7    12   2.5240e+05 
   7    13   8.5770e+04 
   7    14   2.5270e+04 
   7    15   6.6630e+03 
   7    16   1.5990e+03 
   7    17   3.5140e+02 
   7    18   7.0390e+01 
   7    19   1.2570e+01 
   7    20   1.8820e+00 
   8     1   1.2280e+01 
   8     3   5.1330e+03 
   8     4   1.0950e+05 
   8     5   1.6780e+03 
   8     6   4.4840e+06 
   8     7   6.4910e+06 
   8     8   5.0140e+05 
   8     9   5.0040e+04 
   8    10   9.1280e+05 
   8    11   9.4820e+05 
   8    12   5.9190e+05 
   8    13   2.6300e+05 
   8    14   9.6510e+04 
   8    15   3.0620e+04 
   8    16   8.7230e+03 
   8    17   2.2740e+03 
   8    18   5.4910e+02 
   8    19   1.2280e+02 
   8    20   2.5020e+01 
   8    21   4.4370e+00 
   9     2   5.0660e+01 
   9     3   9.6630e+02 
   9     4   2.2880e+03 
   9     5   2.1400e+05 
   9     7   3.2500e+06 
   9     8   6.8780e+06 
   9    11   7.9800e+05 
   9    12   7.9360e+05 
   9    13   5.4170e+05 
   9    14   2.5060e+05 
   9    15   9.7910e+04 
   9    16   3.2870e+04 
   9    17   1.0010e+04 
   9    18   2.8000e+03 
   9    19   7.3260e+02 
   9    20   1.7980e+02 
   9    21   4.0900e+01 
  10     2   5.1950e+00 
  10     3   4.4730e+01 
  10     4   4.3740e+03 
  10     6   2.5800e+05 
  10     7   7.2210e+05 
  10     8   1.4900e+06 
  10     9   7.0250e+06 
  10    10   1.2500e+04 
  10    11   5.2920e+02 
  10    12   7.8650e+05 
  10    13   6.2190e+05 
  10    14   4.7540e+05 
  10    15   2.1620e+05 
  10    16   8.9850e+04 
  10    17   3.1130e+04 
  10    18   1.0050e+04 
  10    19   2.9760e+03 
  10    20   8.3460e+02 
  10    21   2.2080e+02 
  11     3   5.5020e+01 
  11     5   7.5020e+03 
  11     6   4.9680e+04 
  11     7   1.1660e+05 
  11     8   1.6950e+06 
  11     9   1.0270e+05 
  11    10   6.0600e+06 
  11    11   8.2150e+04 
  11    12   4.1520e+03 
  11    13   8.8330e+05 
  11    14   4.2550e+05 
  11    15   4.1150e+05 
  11    16   1.6280e+05 
  11    17   7.5450e+04 
  11    18   2.5500e+04 
  11    19   8.8540e+03 
  11    20   2.6950e+03 
  11    21   8.1010e+02 
  12     4   9.9190e+01 
  12     5   2.4190e+03 
  12     6   9.0970e+02 
  12     7   1.5940e+05 
  12     8   1.9300e+04 
  12     9   1.9670e+06 
  12    10   6.1480e+05 
  12    11   3.4240e+06 
  12    12   3.3190e+05 
  12    13   1.3330e+04 
  12    14   1.0490e+06 
  12    16   3.6890e+05 
  12    18   6.1050e+04 
  12    20   7.0990e+03 
END First_Negative
END N2+